2025-11-20 21:00:49 - https://api.steampowered.com/IPlayerService/GetOwnedGames/v0001/?key=8CEB268634BAB410D2B9C54F3018D362&steamid=76561197995620951&format=json&skip_unvetted_apps=false&include_played_free_games=1
2025-11-20 21:00:49 - https://api.steampowered.com/IPlayerService/GetOwnedGames/v0001/?key=8CEB268634BAB410D2B9C54F3018D362&steamid=76561198036970897&format=json&skip_unvetted_apps=false&include_played_free_games=1
2025-11-20 21:00:49 - https://api.steampowered.com/IPlayerService/GetOwnedGames/v0001/?key=8CEB268634BAB410D2B9C54F3018D362&steamid=76561198026594444&format=json&skip_unvetted_apps=false&include_played_free_games=1
2025-11-20 21:00:49 - https://api.steampowered.com/IPlayerService/GetOwnedGames/v0001/?key=8CEB268634BAB410D2B9C54F3018D362&steamid=76561197992494749&format=json&skip_unvetted_apps=false&include_played_free_games=1
2025-11-20 21:00:55 - https://api-prod.nvidia.com/services/gfngames/v1/gameList
2025-11-20 21:00:56 - https://api-prod.nvidia.com/services/gfngames/v1/gameList
2025-11-20 21:00:58 - https://api-prod.nvidia.com/services/gfngames/v1/gameList
2025-11-20 21:00:59 - https://api-prod.nvidia.com/services/gfngames/v1/gameList
2025-11-20 21:01:01 - https://api-prod.nvidia.com/services/gfngames/v1/gameList
2025-11-20 21:01:02 - https://api-prod.nvidia.com/services/gfngames/v1/gameList
2025-11-20 21:01:03 - https://api-prod.nvidia.com/services/gfngames/v1/gameList
2025-11-20 21:01:05 - https://api.gg.deals/v1/bundles/by-steam-app-id/?key=0hn_86pJuIQ3Mui6n4jxbkLx4xxVowM7&region=eu&ids=367520,268050,1172620,356190,288060,6040,337000,1174180,388210,33230,383270,765900,264710,230820,316790,1656780,1087760,1172470,582160,1432050,1003890,606880,204060,987840,460920,234650,1850570,1087760,287390,427290,224300,952060,504230,225020,474960,242960,1817230,716640,1659040,375820,883710,1390410,423590,1658280,857980,368500,761030,208480,765850,606150,1030840,1140270,359320,1235140,234270,412020,569860,225000,1151340,211600,1172380,391220,275850,1794680,973760,1903340,499520,730830,47780,418240,610370,47810,20900,241260,765860,921800,40350,6920,208650,1244460
2025-11-20 21:01:11 - https://api.gg.deals/v1/bundles/by-steam-app-id/?key=0hn_86pJuIQ3Mui6n4jxbkLx4xxVowM7&region=eu&ids=857980,496300,765910,1623940,268050,1172380,314790,288060,289650,287390,465280,369070,418240,207690,447040,214490,1944430,752590,242050,316790,250320,387290,671440,368500,6980,234650,1390410,485510,1244460,238010,224980,1627720,269650,6910,287720,2062430,1794680,1110050,1173200,752590,1623940,753640,370910,496300,368260,596970,718850,585450,234650,323190,356190,532840,323190,765890,276810,374900,870780,418240,211740,460920,1911360,984800,503940,447040,2379780,1363080,329380,311560,606150,606150
2025-11-20 21:02:48 - https://api.steampowered.com/IPlayerService/GetOwnedGames/v0001/?key=8CEB268634BAB410D2B9C54F3018D362&steamid=76561197995620951&format=json&skip_unvetted_apps=false&include_played_free_games=1
2025-11-20 21:02:48 - https://api.steampowered.com/IPlayerService/GetOwnedGames/v0001/?key=8CEB268634BAB410D2B9C54F3018D362&steamid=76561198036970897&format=json&skip_unvetted_apps=false&include_played_free_games=1
2025-11-20 21:02:48 - https://api.steampowered.com/IPlayerService/GetOwnedGames/v0001/?key=8CEB268634BAB410D2B9C54F3018D362&steamid=76561198026594444&format=json&skip_unvetted_apps=false&include_played_free_games=1
2025-11-20 21:02:48 - https://api.steampowered.com/IPlayerService/GetOwnedGames/v0001/?key=8CEB268634BAB410D2B9C54F3018D362&steamid=76561197992494749&format=json&skip_unvetted_apps=false&include_played_free_games=1
2025-11-20 21:02:52 - https://api-prod.nvidia.com/services/gfngames/v1/gameList
2025-11-20 21:02:54 - https://api-prod.nvidia.com/services/gfngames/v1/gameList
2025-11-20 21:02:55 - https://api-prod.nvidia.com/services/gfngames/v1/gameList
2025-11-20 21:02:57 - https://api-prod.nvidia.com/services/gfngames/v1/gameList
2025-11-20 21:02:58 - https://api-prod.nvidia.com/services/gfngames/v1/gameList
2025-11-20 21:03:00 - https://api-prod.nvidia.com/services/gfngames/v1/gameList
2025-11-20 21:03:01 - https://api-prod.nvidia.com/services/gfngames/v1/gameList
2025-11-20 21:03:03 - https://api.gg.deals/v1/bundles/by-steam-app-id/?key=0hn_86pJuIQ3Mui6n4jxbkLx4xxVowM7&region=eu&ids=367520,268050,1172620,356190,288060,6040,337000,1174180,388210,33230,383270,765900,264710,230820,316790,1656780,1087760,1172470,582160,1432050,1003890,606880,204060,987840,460920,234650,1850570,1087760,287390,427290,224300,952060,504230,225020,474960,242960,1817230,716640,1659040,375820,883710,1390410,423590,1658280,857980,368500,761030,208480,765850,606150,1030840,1140270,359320,1235140,234270,412020,569860,225000,1151340,211600,1172380,391220,275850,1794680,973760,1903340,499520,730830,47780,418240,610370,47810,20900,241260,765860,921800,40350,6920,208650,1244460
2025-11-20 21:03:09 - https://api.gg.deals/v1/bundles/by-steam-app-id/?key=0hn_86pJuIQ3Mui6n4jxbkLx4xxVowM7&region=eu&ids=857980,496300,765910,1623940,268050,1172380,314790,288060,289650,287390,465280,369070,418240,207690,447040,214490,1944430,752590,242050,316790,250320,387290,671440,368500,6980,234650,1390410,485510,1244460,238010,224980,1627720,269650,6910,287720,2062430,1794680,1110050,1173200,752590,1623940,753640,370910,496300,368260,596970,718850,585450,234650,323190,356190,532840,323190,765890,276810,374900,870780,418240,211740,460920,1911360,984800,503940,447040,2379780,1363080,329380,311560,606150,606150
